classical_residual_fit
a=-4.759885704148024421e-02
b=1.049148902955930884e+00
lorentz_residual_fit
c=-4.179120881396966515e-04
k=1.931043796458071504e-01
